service_id,monday,tuesday,wednesday,thursday,friday,saturday,sunday,start_date,end_date
1_107_1471_10_268_1,1,1,1,1,1,0,0,20200914,20270630
1_108_1474_10_268_2,0,0,0,0,0,1,0,20200914,20270630
1_109_1476_10_268_3,0,0,0,0,0,0,1,20200914,20270630
1_116_1477_10_414_1,1,1,1,1,1,0,0,20200914,20270630
1_290_1464_13_475_1,1,1,1,1,1,0,0,20220701,20270630
1_315_408_10_264_1,1,1,1,1,1,0,0,20200914,20270630
1_315_760_10_265_1,1,1,1,1,1,0,0,20200914,20270630
1_386_482_10_419_1,1,1,1,1,1,0,0,20250901,20270630
1_386_1047_10_272_1,1,1,1,1,1,0,0,20250901,20270630
1_392_487_10_273_1,1,1,1,1,1,0,0,20250901,20270630
1_392_487_10_420_1,1,1,1,1,1,0,0,20250901,20270630
1_445_531_10_282_2,0,0,0,0,0,1,0,20260701,20260831
1_446_532_10_282_3,0,0,0,0,0,0,1,20260701,20260831
1_447_536_10_279_1,1,1,1,1,1,0,0,20260801,20260831
1_448_537_10_282_1,1,1,1,1,1,0,0,20260801,20260831
1_448_537_10_284_1,1,1,1,1,1,0,0,20260801,20260831
1_449_538_10_279_2,0,0,0,0,0,1,0,20260701,20260831
1_451_541_10_284_2,0,0,0,0,0,1,0,20260701,20260831
1_452_543_10_284_3,0,0,0,0,0,0,1,20260701,20260831
1_453_545_10_281_2,0,0,0,0,0,1,0,20260701,20260831
1_495_195_9_466_1,1,1,1,1,1,0,0,20260701,20260831
1_496_196_9_204_2,0,0,0,0,0,1,0,20260701,20260831
1_512_370_9_217_3,0,0,0,0,0,0,1,20260701,20260831
1_535_525_10_279_3,0,0,0,0,0,0,1,20260701,20260831
1_600_683_10_490_1,1,1,1,1,1,0,0,20200914,20270630
1_601_682_6_489_1,1,1,1,1,1,0,0,20200914,20270630
1_602_684_10_492_1,1,1,1,1,1,0,0,20200914,20270630
1_603_685_6_492_1,1,1,1,1,1,0,0,20200914,20270630
1_631_717_24_239_1,1,1,1,1,1,0,0,20240901,20270630
1_632_718_24_239_4,0,0,0,0,0,1,1,20240901,20270630
1_683_757_10_499_1,1,1,1,1,1,0,0,20200914,20270630
1_688_763_10_502_1,1,1,1,1,1,0,0,20200914,20270630
1_692_769_10_436_1,1,1,1,1,1,0,0,20250901,20270630
1_804_1103_9_498_1,1,1,1,1,1,0,0,20210906,20270630
1_805_1104_9_498_2,0,0,0,0,0,1,0,20210906,20270630
1_806_1105_9_498_3,0,0,0,0,0,0,1,20210906,20270630
1_882_1292_17_238_4,0,0,0,0,0,1,1,20260701,20260831
1_897_1325_10_272_2,0,0,0,0,0,1,0,20250901,20270630
1_897_1325_10_419_2,0,0,0,0,0,1,0,20250901,20270630
1_898_1326_10_272_12,0,0,0,0,0,0,1,20250901,20270630
1_898_1326_10_419_12,0,0,0,0,0,0,1,20250901,20270630
1_898_1483_10_272_13,0,0,0,0,0,0,0,20250901,20270630
1_898_1483_10_419_13,0,0,0,0,0,0,0,20250901,20270630
1_899_1327_10_273_2,0,0,0,0,0,1,0,20250901,20270630
1_900_489_10_273_3,0,0,0,0,0,0,1,20250901,20270630
1_901_420_10_271_4,0,0,0,0,0,1,1,20211018,20270630
1_906_1334_10_251_2,0,0,0,0,0,1,0,20230918,20270711
1_906_1334_10_252_2,0,0,0,0,0,1,0,20230918,20270711
1_906_1334_10_253_2,0,0,0,0,0,1,0,20230918,20270711
1_906_1334_10_255_2,0,0,0,0,0,1,0,20230918,20270711
1_907_1335_10_251_3,0,0,0,0,0,0,1,20230918,20270711
1_907_1335_10_252_3,0,0,0,0,0,0,1,20230918,20270711
1_907_1335_10_253_3,0,0,0,0,0,0,1,20230918,20270711
1_907_1335_10_255_3,0,0,0,0,0,0,1,20230918,20270711
1_910_1349_6_236_1,1,1,1,1,1,0,0,20260701,20260831
1_910_1349_6_424_1,1,1,1,1,1,0,0,20260701,20260831
1_910_1349_6_425_1,1,1,1,1,1,0,0,20260701,20260831
1_910_1349_6_426_1,1,1,1,1,1,0,0,20260701,20260831
1_910_1349_6_427_1,1,1,1,1,1,0,0,20260701,20260831
1_910_1349_6_428_1,1,1,1,1,1,0,0,20260701,20260831
1_910_1352_6_234_1,1,1,1,1,1,0,0,20260701,20260831
1_910_1352_6_235_1,1,1,1,1,1,0,0,20260701,20260831
1_910_1352_6_422_1,1,1,1,1,1,0,0,20260701,20260831
1_910_1352_6_423_1,1,1,1,1,1,0,0,20260701,20260831
1_911_1350_6_425_2,0,0,0,0,0,1,0,20260701,20260831
1_911_1350_6_427_2,0,0,0,0,0,1,0,20260701,20260831
1_911_1350_6_428_2,0,0,0,0,0,1,0,20260701,20260831
1_911_1353_6_234_2,0,0,0,0,0,1,0,20260701,20260831
1_912_1351_6_425_3,0,0,0,0,0,0,1,20260701,20260831
1_912_1351_6_427_3,0,0,0,0,0,0,1,20260701,20260831
1_912_1354_6_234_3,0,0,0,0,0,0,1,20260701,20260831
1_914_346_6_232_2,0,0,0,0,0,1,0,20260701,20260831
1_914_573_6_233_2,0,0,0,0,0,1,0,20260701,20260831
1_915_355_6_232_3,0,0,0,0,0,0,1,20260701,20260831
1_916_358_6_232_1,1,1,1,1,1,0,0,20260801,20260831
1_916_572_6_233_1,1,1,1,1,1,0,0,20260801,20260831
1_922_232_13_300_1,1,1,1,1,1,0,0,20260701,20260831
1_922_378_13_301_1,1,1,1,1,1,0,0,20260701,20260831
1_922_378_13_302_1,1,1,1,1,1,0,0,20260701,20260831
1_922_498_13_446_1,1,1,1,1,1,0,0,20260701,20260831
1_922_1357_13_259_1,1,1,1,1,1,0,0,20260701,20260831
1_922_1357_13_260_1,1,1,1,1,1,0,0,20260701,20260831
1_922_1489_13_299_1,1,1,1,1,1,0,0,20260701,20260831
1_922_1491_13_324_1,1,1,1,1,1,0,0,20260701,20260831
1_923_231_13_302_2,0,0,0,0,0,1,0,20260701,20260831
1_923_1358_13_259_2,0,0,0,0,0,1,0,20260701,20260831
1_923_1358_13_260_2,0,0,0,0,0,1,0,20260701,20260831
1_923_1518_13_299_2,0,0,0,0,0,1,0,20260701,20260831
1_923_1518_13_448_2,0,0,0,0,0,1,0,20260701,20260831
1_924_1359_13_259_3,0,0,0,0,0,0,1,20260701,20260831
1_924_1519_13_299_3,0,0,0,0,0,0,1,20260701,20260831
1_924_1519_13_448_3,0,0,0,0,0,0,1,20260701,20260831
1_926_1492_13_308_1,1,1,1,1,1,0,0,20260801,20260831
1_926_1492_13_311_1,1,1,1,1,1,0,0,20260801,20260831
1_926_1493_13_314_8,1,0,0,0,0,0,0,20260801,20260831
1_926_1494_13_314_10,0,1,1,1,1,0,0,20260801,20260831
1_928_344_13_308_3,0,0,0,0,0,0,1,20260701,20260831
1_928_344_13_309_3,0,0,0,0,0,0,1,20260701,20260831
1_928_505_13_314_3,0,0,0,0,0,0,1,20260701,20260831
1_929_340_13_308_2,0,0,0,0,0,1,0,20260801,20260831
1_929_340_13_311_2,0,0,0,0,0,1,0,20260801,20260831
1_929_501_13_314_2,0,0,0,0,0,1,0,20260801,20260831
1_929_501_13_474_2,0,0,0,0,0,1,0,20260801,20260831
1_930_197_9_208_1,1,1,1,1,1,0,0,20260701,20260831
1_930_1360_9_206_1,1,1,1,1,1,0,0,20260701,20260831
1_930_1360_9_207_1,1,1,1,1,1,0,0,20260701,20260831
1_930_1495_9_210_1,1,1,1,1,1,0,0,20260701,20260831
1_930_1495_9_211_1,1,1,1,1,1,0,0,20260701,20260831
1_931_200_9_210_2,0,0,0,0,0,1,0,20260701,20260831
1_931_200_9_211_2,0,0,0,0,0,1,0,20260701,20260831
1_931_1361_9_206_2,0,0,0,0,0,1,0,20260701,20260831
1_932_223_9_206_3,0,0,0,0,0,0,1,20260701,20260831
1_932_668_9_210_3,0,0,0,0,0,0,1,20260701,20260831
1_932_668_9_211_3,0,0,0,0,0,0,1,20260701,20260831
1_934_1367_9_220_1,1,1,1,1,1,0,0,20260801,20260831
1_934_1367_9_460_1,1,1,1,1,1,0,0,20260801,20260831
1_934_1367_9_461_1,1,1,1,1,1,0,0,20260801,20260831
1_935_1368_9_220_2,0,0,0,0,0,1,0,20260701,20260831
1_935_1368_9_221_2,0,0,0,0,0,1,0,20260701,20260831
1_936_1369_9_220_3,0,0,0,0,0,0,1,20260701,20260831
1_937_1370_9_212_9,1,1,1,1,0,0,0,20260701,20260831
1_937_1370_9_213_9,1,1,1,1,0,0,0,20260701,20260831
1_937_1371_9_212_5,0,0,0,0,1,0,0,20260701,20260831
1_937_1371_9_213_5,0,0,0,0,1,0,0,20260701,20260831
1_938_1373_9_212_2,0,0,0,0,0,1,0,20260701,20260831
1_939_1374_9_212_3,0,0,0,0,0,0,1,20260701,20260831
1_940_363_9_216_1,1,1,1,1,1,0,0,20260701,20260831
1_940_368_9_217_1,1,1,1,1,1,0,0,20260701,20260831
1_940_599_9_438_1,1,1,1,1,1,0,0,20260701,20260831
1_940_746_9_215_1,1,1,1,1,1,0,0,20260701,20260831
1_940_1375_9_214_10,0,1,1,1,1,0,0,20260701,20260831
1_940_1375_9_467_10,0,1,1,1,1,0,0,20260701,20260831
1_940_1376_9_214_8,1,0,0,0,0,0,0,20260701,20260831
1_940_1376_9_467_8,1,0,0,0,0,0,0,20260701,20260831
1_941_364_9_216_2,0,0,0,0,0,1,0,20260701,20260831
1_941_369_9_217_2,0,0,0,0,0,1,0,20260701,20260831
1_941_1377_9_467_2,0,0,0,0,0,1,0,20260701,20260831
1_941_1380_9_214_2,0,0,0,0,0,1,0,20260701,20260831
1_942_1378_9_467_3,0,0,0,0,0,0,1,20260701,20260831
1_942_1381_9_214_3,0,0,0,0,0,0,1,20260701,20260831
1_943_1382_9_218_9,1,1,1,1,0,0,0,20260701,20260831
1_943_1382_9_434_9,1,1,1,1,0,0,0,20260701,20260831
1_943_1383_9_218_5,0,0,0,0,1,0,0,20260701,20260831
1_943_1383_9_434_5,0,0,0,0,1,0,0,20260701,20260831
1_943_1386_9_219_9,1,1,1,1,0,0,0,20260701,20260831
1_943_1386_9_429_9,1,1,1,1,0,0,0,20260701,20260831
1_943_1386_9_432_9,1,1,1,1,0,0,0,20260701,20260831
1_943_1387_9_219_5,0,0,0,0,1,0,0,20260701,20260831
1_943_1387_9_429_5,0,0,0,0,1,0,0,20260701,20260831
1_943_1387_9_432_5,0,0,0,0,1,0,0,20260701,20260831
1_944_1384_9_434_2,0,0,0,0,0,1,0,20260701,20260831
1_944_1388_9_432_2,0,0,0,0,0,1,0,20260701,20260831
1_945_1385_9_434_3,0,0,0,0,0,0,1,20260701,20260831
1_949_733_24_240_1,1,1,1,1,1,0,0,20260701,20260831
1_949_733_24_241_1,1,1,1,1,1,0,0,20260701,20260831
1_949_735_24_242_1,1,1,1,1,1,0,0,20260701,20260831
1_949_738_24_244_1,1,1,1,1,1,0,0,20260701,20260831
1_949_738_24_245_1,1,1,1,1,1,0,0,20260701,20260831
1_949_743_24_243_1,1,1,1,1,1,0,0,20260701,20260831
1_949_743_24_416_1,1,1,1,1,1,0,0,20260701,20260831
1_949_1393_24_247_1,1,1,1,1,1,0,0,20260701,20260831
1_949_1393_24_417_1,1,1,1,1,1,0,0,20260701,20260831
1_949_1393_24_500_1,1,1,1,1,1,0,0,20260701,20260831
1_950_736_24_242_4,0,0,0,0,0,1,1,20260701,20260831
1_950_739_24_245_4,0,0,0,0,0,1,1,20260701,20260831
1_950_744_24_243_4,0,0,0,0,0,1,1,20260701,20260831
1_952_742_24_247_3,0,0,0,0,0,0,1,20260701,20260831
1_953_511_10_259_1,1,1,1,1,1,0,0,20260701,20260831
1_953_511_10_260_1,1,1,1,1,1,0,0,20260701,20260831
1_954_151_10_259_2,0,0,0,0,0,1,0,20260701,20260831
1_954_151_10_260_2,0,0,0,0,0,1,0,20260701,20260831
1_955_152_10_259_3,0,0,0,0,0,0,1,20260701,20260831
1_956_1217_10_291_1,1,1,1,1,1,0,0,20260801,20260831
1_956_1218_10_290_1,1,1,1,1,1,0,0,20260801,20260831
1_960_518_10_277_1,1,1,1,1,1,0,0,20260701,20260831
1_961_519_10_277_2,0,0,0,0,0,1,0,20260701,20260831
1_962_520_10_277_3,0,0,0,0,0,0,1,20260701,20260831
1_966_261_10_286_1,1,1,1,1,1,0,0,20260801,20260831
1_967_262_10_286_2,0,0,0,0,0,1,0,20260801,20260831
1_968_263_10_286_3,0,0,0,0,0,0,1,20260801,20260831
1_970_1396_10_263_10,0,1,1,1,1,0,0,20260801,20260831
1_970_1396_10_442_10,0,1,1,1,1,0,0,20260801,20260831
1_970_1397_10_263_8,1,0,0,0,0,0,0,20260801,20260831
1_970_1397_10_442_8,1,0,0,0,0,0,0,20260801,20260831
1_971_160_10_263_2,0,0,0,0,0,1,0,20260701,20260831
1_972_191_10_263_3,0,0,0,0,0,0,1,20260701,20260831
1_973_1399_10_267_1,1,1,1,1,1,0,0,20260701,20260831
1_975_1401_10_441_1,1,1,1,1,1,0,0,20260801,20260831
1_977_1403_10_287_8,1,0,0,0,0,0,0,20260801,20260831
1_977_1403_10_288_8,1,0,0,0,0,0,0,20260801,20260831
1_977_1403_10_409_8,1,0,0,0,0,0,0,20260801,20260831
1_977_1405_10_287_10,0,1,1,1,1,0,0,20260801,20260831
1_977_1405_10_288_10,0,1,1,1,1,0,0,20260801,20260831
1_977_1407_10_289_8,1,0,0,0,0,0,0,20260801,20260831
1_977_1408_10_289_10,0,1,1,1,1,0,0,20260801,20260831
1_978_1409_10_250_1,1,1,1,1,1,0,0,20260713,20260913
1_978_1409_10_251_1,1,1,1,1,1,0,0,20260713,20260913
1_978_1409_10_254_1,1,1,1,1,1,0,0,20260713,20260913
1_979_1410_10_289_2,0,0,0,0,0,1,0,20260701,20260831
1_980_1411_10_289_3,0,0,0,0,0,0,1,20260701,20260831
1_987_1424_10_496_9,1,1,1,1,0,0,0,20230401,20270630
1_987_1426_10_496_5,0,0,0,0,1,0,0,20230401,20270630
1_987_1428_10_504_9,1,1,1,1,0,0,0,20230401,20270630
1_987_1429_10_504_5,0,0,0,0,1,0,0,20230401,20270630
1_988_1432_10_542_9,1,1,1,1,0,0,0,20230515,20270630
1_988_1433_10_542_5,0,0,0,0,1,0,0,20230515,20270630
1_989_1434_10_542_2,0,0,0,0,0,1,0,20230515,20270630
1_990_1435_10_542_12,0,0,0,0,0,0,1,20230515,20270630
1_990_1482_10_542_13,0,0,0,0,0,0,0,20230515,20270630
1_994_1439_9_223_1,1,1,1,1,1,0,0,20260701,20260913
1_994_1439_9_224_1,1,1,1,1,1,0,0,20260701,20260913
1_995_1440_9_223_4,0,0,0,0,0,1,1,20260701,20260913
1_998_1442_10_294_1,1,1,1,1,1,0,0,20260801,20260831
1_998_1442_10_295_1,1,1,1,1,1,0,0,20260801,20260831
1_999_1445_10_295_3,0,0,0,0,0,0,1,20260701,20260831
1_1005_1444_10_295_2,0,0,0,0,0,1,0,20260801,20260831
1_1009_1049_10_248_1,1,1,1,1,1,0,0,20230901,20270630
1_1011_1425_10_496_2,0,0,0,0,0,1,0,20230901,20270630
1_1011_1430_10_504_2,0,0,0,0,0,1,0,20230901,20270630
1_1012_1427_10_496_12,0,0,0,0,0,0,1,20230901,20270630
1_1012_1431_10_504_12,0,0,0,0,0,0,1,20230901,20270630
1_1012_1480_10_496_13,0,0,0,0,0,0,0,20230901,20270630
1_1012_1481_10_504_13,0,0,0,0,0,0,0,20230901,20270630
1_1014_1496_17_238_1,1,1,1,1,1,0,0,20260701,20260831
1_1020_1511_10_274_1,1,1,1,1,1,0,0,20250901,20270630
1_1020_1511_10_275_1,1,1,1,1,1,0,0,20250901,20270630
1_1020_1511_10_421_1,1,1,1,1,1,0,0,20250901,20270630
1_1021_1521_10_274_2,0,0,0,0,0,1,0,20250901,20270630
1_1021_1521_10_275_2,0,0,0,0,0,1,0,20250901,20270630
1_1022_1522_10_275_3,0,0,0,0,0,0,1,20250901,20270630
1_1030_1530_24_240_4,0,0,0,0,0,1,1,20260713,20260831
1_1030_1530_24_241_4,0,0,0,0,0,1,1,20260713,20260831
2_1083_1840_6_26_2,0,0,0,0,0,1,1,20210601,20261231
2_1083_2212_6_26_1,1,1,1,1,1,0,0,20210601,20261231
2_1086_20_8_5_2,0,0,0,0,0,1,1,20210605,20261231
2_1170_2420_8_28_1,1,1,1,1,1,0,0,20211129,20261231
2_1274_2638_8_239_1,1,1,1,1,1,0,0,20220922,20261231
2_1306_2737_8_155_7,1,1,1,1,1,1,1,20230616,20261231
2_1354_2859_13_274_1,1,1,1,1,1,0,0,20231116,20261231
2_1354_2860_13_274_2,0,0,0,0,0,1,1,20231116,20261231
2_1362_2873_13_158_1,1,1,1,1,1,0,0,20240108,20261231
2_1362_2874_13_158_2,0,0,0,0,0,1,1,20240108,20261231
2_1380_2901_8_46_1,1,1,1,1,1,0,0,20240311,20261231
2_1406_2955_13_214_1,1,1,1,1,1,0,0,20240518,20261231
2_1406_2956_13_214_5,0,0,0,0,0,1,0,20240518,20261231
2_1406_2957_13_214_4,0,0,0,0,0,0,1,20240518,20261231
2_1408_2959_6_7_1,1,1,1,1,1,0,0,20240506,20261231
2_1408_2960_6_7_5,0,0,0,0,0,1,0,20240506,20261231
2_1408_2961_6_7_4,0,0,0,0,0,0,1,20240506,20261231
2_1417_1852_8_13_2,0,0,0,0,0,1,1,20240620,20261231
2_1417_1858_8_177_1,1,1,1,1,1,0,0,20240620,20261231
2_1417_1859_8_16_1,1,1,1,1,1,0,0,20240620,20261231
2_1417_1860_8_16_2,0,0,0,0,0,1,1,20240620,20261231
2_1417_1861_8_18_1,1,1,1,1,1,0,0,20240620,20261231
2_1417_1863_8_17_1,1,1,1,1,1,0,0,20240620,20261231
2_1417_1887_8_21_1,1,1,1,1,1,0,0,20240620,20261231
2_1417_1888_8_19_2,0,0,0,0,0,1,1,20240620,20261231
2_1417_2221_8_13_1,1,1,1,1,1,0,0,20240620,20261231
2_1417_2223_8_19_1,1,1,1,1,1,0,0,20240620,20261231
2_1417_2236_8_36_2,0,0,0,0,0,1,1,20240620,20261231
2_1417_2481_8_36_1,1,1,1,1,1,0,0,20240620,20261231
2_1417_2498_8_12_1,1,1,1,1,1,0,0,20240620,20261231
2_1417_2736_8_14_1,1,1,1,1,1,0,0,20240620,20261231
2_1417_3000_8_44_1,1,1,1,1,1,0,0,20240620,20261231
2_1447_3049_8_20_1,1,1,1,1,1,0,0,20241007,20261231
2_1449_2999_8_43_2,0,0,0,0,0,1,1,20241007,20261231
2_1449_3051_8_43_1,1,1,1,1,1,0,0,20241007,20261231
2_1459_3062_8_41_1,1,1,1,1,1,0,0,20250107,20261231
2_1462_3061_8_48_1,1,1,1,1,1,0,0,20250107,20261231
2_1465_2492_8_6_1,1,1,1,1,1,0,0,20250107,20261231
2_1465_3069_8_6_5,0,0,0,0,0,1,0,20250107,20261231
2_1465_3070_8_6_4,0,0,0,0,0,0,1,20250107,20261231
2_1467_3066_8_11_1,1,1,1,1,1,0,0,20250107,20261231
2_1490_3077_8_38_1,1,1,1,1,1,0,0,20250203,20261231
2_1557_3252_28_15_8,1,1,1,1,0,0,0,20260626,20260829
2_1557_3256_28_15_14,0,0,0,0,0,0,1,20260626,20260829
2_1557_3257_28_15_10,0,0,0,0,1,0,0,20260626,20260829
2_1557_3258_28_15_13,0,0,0,0,0,1,0,20260626,20260829
2_1558_3252_28_15_1,1,1,1,1,1,0,0,20260830,20260915
2_1558_3256_28_15_2,0,0,0,0,0,1,1,20260830,20260915
2_1559_3259_28_22_1,1,1,1,1,1,0,0,20260615,20260915
2_1559_3260_28_22_2,0,0,0,0,0,1,1,20260615,20260915
2_1560_2754_8_3_8,1,1,1,1,0,0,0,20260619,20260913
2_1560_2755_8_2_8,1,1,1,1,0,0,0,20260619,20260913
2_1560_2756_8_2_10,0,0,0,0,1,0,0,20260619,20260913
2_1560_2757_8_3_10,0,0,0,0,1,0,0,20260619,20260913
2_1560_2758_8_2_5,0,0,0,0,0,1,0,20260619,20260913
2_1560_2759_8_3_5,0,0,0,0,0,1,0,20260619,20260913
2_1560_2760_8_2_4,0,0,0,0,0,0,1,20260619,20260913
2_1560_2761_8_3_4,0,0,0,0,0,0,1,20260619,20260913
2_1561_2746_5_2_8,1,1,1,1,0,0,0,20260619,20260913
2_1561_2747_5_3_8,1,1,1,1,0,0,0,20260619,20260913
2_1561_2748_5_2_10,0,0,0,0,1,0,0,20260619,20260913
2_1561_2749_5_3_10,0,0,0,0,1,0,0,20260619,20260913
2_1561_2750_5_2_5,0,0,0,0,0,1,0,20260619,20260913
2_1561_2751_5_3_5,0,0,0,0,0,1,0,20260619,20260913
2_1561_2752_5_2_4,0,0,0,0,0,0,1,20260619,20260913
2_1561_2753_5_3_4,0,0,0,0,0,0,1,20260619,20260913
2_1562_2969_8_32_1,1,1,1,1,1,0,0,20260626,20260906
2_1562_2970_8_32_2,0,0,0,0,0,1,1,20260626,20260906
2_1562_2971_8_39_7,1,1,1,1,1,1,1,20260626,20260906
2_1562_2973_8_157_7,1,1,1,1,1,1,1,20260626,20260906
2_1562_2974_8_156_1,1,1,1,1,1,0,0,20260626,20260906
2_1562_3097_8_234_1,1,1,1,1,1,0,0,20260626,20260906
2_1562_3098_8_234_2,0,0,0,0,0,1,1,20260626,20260906
2_1562_3101_8_236_1,1,1,1,1,1,0,0,20260626,20260906
2_1562_3102_8_236_2,0,0,0,0,0,1,1,20260626,20260906
2_1562_3103_8_237_1,1,1,1,1,1,0,0,20260626,20260906
2_1562_3261_8_235_1,1,1,1,1,1,0,0,20260626,20260906
2_1562_3262_8_235_2,0,0,0,0,0,1,1,20260626,20260906
2_1562_3263_8_237_2,0,0,0,0,0,1,1,20260626,20260906
2_1566_3067_8_9_5,0,0,0,0,0,1,0,20260801,20260831
2_1566_3068_8_9_4,0,0,0,0,0,0,1,20260801,20260831
2_1566_3264_8_9_1,1,1,1,1,1,0,0,20260801,20260831
2_1569_3132_8_4_1,1,1,1,1,1,0,0,20260727,20260828
2_1569_3133_8_4_5,0,0,0,0,0,1,0,20260727,20260828
2_1569_3134_8_4_4,0,0,0,0,0,0,1,20260727,20260828
2_1571_3107_27_172_7,1,1,1,1,1,1,1,20260624,20260913
2_1571_3109_27_173_1,1,1,1,1,1,0,0,20260624,20260913
2_1571_3110_27_173_2,0,0,0,0,0,1,1,20260624,20260913
2_1571_3111_27_211_7,1,1,1,1,1,1,1,20260624,20260913
2_1571_3112_27_166_1,1,1,1,1,1,0,0,20260624,20260913
2_1571_3113_27_166_2,0,0,0,0,0,1,1,20260624,20260913
2_1571_3114_27_167_1,1,1,1,1,1,0,0,20260624,20260913
2_1571_3115_27_167_2,0,0,0,0,0,1,1,20260624,20260913
2_1571_3117_27_169_2,0,0,0,0,0,1,1,20260624,20260913
2_1571_3135_27_169_1,1,1,1,1,1,0,0,20260624,20260913
2_1572_3105_8_219_1,1,1,1,1,1,0,0,20260701,20260906
2_1575_2770_24_49_1,1,1,1,1,1,0,0,20260701,20260906
2_1575_2771_24_49_2,0,0,0,0,0,1,1,20260701,20260906
2_1575_2773_24_50_2,0,0,0,0,0,1,1,20260701,20260906
2_1575_2776_24_175_2,0,0,0,0,0,1,1,20260701,20260906
2_1575_2777_24_54_1,1,1,1,1,1,0,0,20260701,20260906
2_1575_2786_24_163_1,1,1,1,1,1,0,0,20260701,20260906
2_1575_2787_24_163_2,0,0,0,0,0,1,1,20260701,20260906
2_1575_2788_24_164_1,1,1,1,1,1,0,0,20260701,20260906
2_1575_2789_24_164_2,0,0,0,0,0,1,1,20260701,20260906
2_1575_3004_24_225_1,1,1,1,1,1,0,0,20260701,20260906
2_1575_3118_24_50_1,1,1,1,1,1,0,0,20260701,20260906
2_1575_3119_24_51_1,1,1,1,1,1,0,0,20260701,20260906
2_1575_3120_24_175_1,1,1,1,1,1,0,0,20260701,20260906
2_1575_3121_24_219_1,1,1,1,1,1,0,0,20260701,20260906
2_1575_3123_24_230_2,0,0,0,0,0,1,1,20260701,20260906
2_1575_3126_24_231_1,1,1,1,1,1,0,0,20260701,20260906
2_1575_3127_24_231_2,0,0,0,0,0,1,1,20260701,20260906
2_1575_3129_24_165_1,1,1,1,1,1,0,0,20260701,20260906
2_1575_3267_24_230_1,1,1,1,1,1,0,0,20260701,20260906
2_1576_970_8_240_1,1,1,1,1,1,0,0,20260622,20260930
3_681_1509_29_968_63,1,1,1,1,1,1,0,20200701,20300101
3_905_1993_41_993_160,0,0,0,0,0,1,1,20210913,20300101
3_915_2010_29_701_31,1,1,1,1,1,0,0,20210915,20300101
3_915_2012_29_701_32,0,0,0,0,0,1,0,20210915,20300101
3_917_2016_29_877_31,1,1,1,1,1,0,0,20210915,20300101
3_917_2017_29_877_32,0,0,0,0,0,1,0,20210915,20300101
3_918_2018_29_925_31,1,1,1,1,1,0,0,20210915,20300101
3_918_2020_29_925_128,0,0,0,0,0,0,1,20210915,20300101
3_918_2021_29_925_32,0,0,0,0,0,1,0,20210915,20300101
3_945_2071_29_840_31,1,1,1,1,1,0,0,20230911,20300101
3_948_2074_29_844_31,1,1,1,1,1,0,0,20211004,20300101
3_965_1619_29_868_128,0,0,0,0,0,0,1,20211016,20300101
3_965_1659_29_868_31,1,1,1,1,1,0,0,20211016,20300101
3_965_2113_29_868_32,0,0,0,0,0,1,0,20211016,20300101
3_969_2120_33_876_31,1,1,1,1,1,0,0,20211013,20300101
3_974_2131_29_1079_160,0,0,0,0,0,1,1,20220101,20300101
3_979_2143_29_1035_31,1,1,1,1,1,0,0,20220101,20300101
3_1061_2275_28_1100_31,1,1,1,1,1,0,0,20230101,20300101
3_1061_2276_28_1100_32,0,0,0,0,0,1,0,20230101,20300101
3_1061_2277_28_1100_128,0,0,0,0,0,0,1,20230101,20300101
3_1068_2288_28_1080_32,0,0,0,0,0,1,0,20230318,20300101
3_1068_2289_28_1080_128,0,0,0,0,0,0,1,20230318,20300101
3_1068_2290_28_1080_31,1,1,1,1,1,0,0,20230318,20300101
3_1099_1577_19_727_63,1,1,1,1,1,1,0,20230701,20300101
3_1099_2327_19_727_128,0,0,0,0,0,0,1,20230701,20300101
3_1107_1823_29_1071_31,1,1,1,1,1,0,0,20230901,20300101
3_1135_2359_29_1029_31,1,1,1,1,1,0,0,20231019,20300101
3_1135_2360_29_1029_32,0,0,0,0,0,1,0,20231019,20300101
3_1135_2361_29_1029_128,0,0,0,0,0,0,1,20231019,20300101
3_1143_2376_41_1096_15,1,1,1,1,0,0,0,20240102,20300101
3_1143_2377_41_1096_192,0,0,0,0,1,1,0,20240102,20300101
3_1144_2378_41_1097_15,1,1,1,1,0,0,0,20240102,20300101
3_1144_2379_41_1097_192,0,0,0,0,1,1,0,20240102,20300101
3_1149_2392_29_953_192,0,0,0,0,1,1,0,20240315,20300101
3_1151_2396_35_1036_31,1,1,1,1,1,0,0,20240318,20300101
3_1151_2397_35_1036_32,0,0,0,0,0,1,0,20240318,20300101
3_1166_2436_38_1111_32,0,0,0,0,0,1,0,20240701,20300101
3_1166_2438_38_1111_31,1,1,1,1,1,0,0,20240701,20300101
3_1186_2496_29_1027_31,1,1,1,1,1,0,0,20240701,20300101
3_1186_2497_29_1027_32,0,0,0,0,0,1,0,20240701,20300101
3_1225_2477_33_875_160,0,0,0,0,0,1,1,20240925,20300101
3_1225_2478_33_875_31,1,1,1,1,1,0,0,20240925,20300101
3_1230_2480_29_958_128,0,0,0,0,0,0,1,20241125,20300101
3_1230_2494_29_958_63,1,1,1,1,1,1,0,20241125,20300101
3_1236_2502_29_710_31,1,1,1,1,1,0,0,20250217,20300101
3_1236_2503_29_710_32,0,0,0,0,0,1,0,20250217,20300101
3_1239_2072_29_841_63,1,1,1,1,1,1,0,20250301,20300101
3_1253_2531_29_1116_191,1,1,1,1,1,1,1,20250521,20300630
3_1254_2532_29_1117_31,1,1,1,1,1,0,0,20250522,20300630
3_1257_2541_25_1102_31,1,1,1,1,1,0,0,20250616,20311031
3_1258_2126_25_1032_32,0,0,0,0,0,1,0,20250616,20300630
3_1258_2127_25_1032_128,0,0,0,0,0,0,1,20250616,20300630
3_1258_2538_25_1032_31,1,1,1,1,1,0,0,20250616,20300630
3_1284_2569_29_1119_31,1,1,1,1,1,0,0,20250701,20300731
3_1284_2570_29_1119_32,0,0,0,0,0,1,0,20250701,20300731
3_1284_2572_29_1119_128,0,0,0,0,0,0,1,20250701,20300731
3_1312_2578_22_1118_31,1,1,1,1,1,0,0,20250901,20300930
3_1312_2579_22_1118_32,0,0,0,0,0,1,0,20250901,20300930
3_1312_2580_22_1118_128,0,0,0,0,0,0,1,20250901,20300930
3_1317_2584_29_644_31,1,1,1,1,1,0,0,20250916,20300930
3_1318_2585_29_1120_31,1,1,1,1,1,0,0,20250916,20300930
3_1321_2588_22_1122_31,1,1,1,1,1,0,0,20250901,20301001
3_1326_2607_22_1125_31,1,1,1,1,1,0,0,20251122,20301130
3_1327_2608_22_1127_31,1,1,1,1,1,0,0,20251122,20301130
3_1328_2609_22_1126_32,0,0,0,0,0,1,0,20251122,20311130
3_1328_2610_22_1126_128,0,0,0,0,0,0,1,20251122,20311130
3_1329_2611_22_1128_31,1,1,1,1,1,0,0,20251122,20301130
3_1342_2676_38_1112_63,1,1,1,1,1,1,0,20260330,20380430
3_1343_2677_28_1131_31,1,1,1,1,1,0,0,20260504,20300504
3_1344_2106_34_703_31,1,1,1,1,1,0,0,20260524,20300531
3_1344_2408_34_703_32,0,0,0,0,0,1,0,20260524,20300531
3_1344_2678_34_703_128,0,0,0,0,0,0,1,20260524,20300531
3_1346_2324_29_971_31,1,1,1,1,1,0,0,20260701,20260830
3_1346_2325_29_971_32,0,0,0,0,0,1,0,20260701,20260830
3_1346_2326_29_971_128,0,0,0,0,0,0,1,20260701,20260830
3_1347_2454_29_1076_31,1,1,1,1,1,0,0,20260801,20260831
3_1348_2455_29_1077_1,1,0,0,0,0,0,0,20260801,20260831
3_1349_2558_29_1115_31,1,1,1,1,1,0,0,20260701,20260831
3_1349_2559_29_1115_32,0,0,0,0,0,1,0,20260701,20260831
3_1349_2560_29_1115_128,0,0,0,0,0,0,1,20260701,20260831
3_1350_2561_29_1050_31,1,1,1,1,1,0,0,20260701,20260831
3_1351_2680_41_986_111,1,1,1,1,0,1,1,20260701,20260809
3_1352_2417_41_1047_32,0,0,0,0,0,1,0,20260701,20260831
3_1352_2418_41_1047_128,0,0,0,0,0,0,1,20260701,20260831
3_1352_2681_41_1047_31,1,1,1,1,1,0,0,20260701,20260831
3_1353_2238_41_987_128,0,0,0,0,0,0,1,20260701,20260831
3_1353_2240_41_987_32,0,0,0,0,0,1,0,20260701,20260831
3_1353_2311_41_987_31,1,1,1,1,1,0,0,20260701,20260831
3_1354_2426_41_988_31,1,1,1,1,1,0,0,20260701,20260831
3_1355_2315_41_989_31,1,1,1,1,1,0,0,20260701,20260831
3_1355_2427_41_989_32,0,0,0,0,0,1,0,20260701,20260831
3_1355_2682_41_989_128,0,0,0,0,0,0,1,20260701,20260831
3_1357_2428_41_996_31,1,1,1,1,1,0,0,20260701,20260831
3_1358_1989_41_997_128,0,0,0,0,0,0,1,20260701,20260831
3_1358_1990_41_997_32,0,0,0,0,0,1,0,20260701,20260831
3_1358_2319_41_997_31,1,1,1,1,1,0,0,20260701,20260831
3_1359_1987_41_990_32,0,0,0,0,0,1,0,20260701,20260831
3_1359_2320_41_990_31,1,1,1,1,1,0,0,20260701,20260831
3_1359_2321_41_990_128,0,0,0,0,0,0,1,20260701,20260831
3_1360_2683_29_963_160,0,0,0,0,0,1,1,20260620,20300630
3_1360_2684_29_963_31,1,1,1,1,1,0,0,20260620,20300630
3_1361_2685_29_1095_31,1,1,1,1,1,0,0,20260620,20300630
3_1361_2688_29_1095_160,0,0,0,0,0,1,1,20260620,20300630
3_1362_2056_41_991_32,0,0,0,0,0,1,0,20260701,20260831
3_1362_2057_41_991_128,0,0,0,0,0,0,1,20260701,20260831
3_1362_2322_41_991_31,1,1,1,1,1,0,0,20260701,20260831
3_1363_2323_41_992_31,1,1,1,1,1,0,0,20260701,20260831
3_1363_2431_41_992_128,0,0,0,0,0,0,1,20260701,20260831
3_1363_2432_41_992_32,0,0,0,0,0,1,0,20260701,20260831
3_1364_2550_29_1113_31,1,1,1,1,1,0,0,20260701,20260831
3_1364_2551_29_1113_32,0,0,0,0,0,1,0,20260701,20260831
3_1364_2552_29_1113_128,0,0,0,0,0,0,1,20260701,20260831
3_1365_2553_29_1105_191,1,1,1,1,1,1,1,20260701,20260831
3_1366_2555_29_1114_63,1,1,1,1,1,1,0,20260701,20260831
3_1366_2556_29_1114_128,0,0,0,0,0,0,1,20260701,20260831
3_1367_2557_29_1042_191,1,1,1,1,1,1,1,20260701,20260831
3_1368_1864_29_867_128,0,0,0,0,0,0,1,20260701,20260831
3_1368_2112_29_867_32,0,0,0,0,0,1,0,20260701,20260831
3_1368_2300_29_867_31,1,1,1,1,1,0,0,20260701,20260831
3_1369_2562_29_1048_31,1,1,1,1,1,0,0,20260701,20260831
3_1369_2564_29_1048_32,0,0,0,0,0,1,0,20260701,20260831
3_1369_2565_29_1048_128,0,0,0,0,0,0,1,20260701,20260831
3_1370_2566_29_1049_31,1,1,1,1,1,0,0,20260701,20260831
3_1371_2443_28_1107_31,1,1,1,1,1,0,0,20260713,20260906
3_1371_2446_28_1107_32,0,0,0,0,0,1,0,20260713,20260906
3_1371_2447_28_1107_128,0,0,0,0,0,0,1,20260713,20260906
3_1372_2177_28_932_31,1,1,1,1,1,0,0,20260801,20260831
3_1372_2178_28_932_128,0,0,0,0,0,0,1,20260801,20260831
3_1372_2179_28_932_32,0,0,0,0,0,1,0,20260801,20260831
3_1373_2689_28_909_63,1,1,1,1,1,1,0,20260701,20300630
3_1374_2581_41_986_31,1,1,1,1,1,0,0,20260810,20331031
3_1374_2582_41_986_160,0,0,0,0,0,1,1,20260810,20331031
3_1375_2648_28_1130_32,0,0,0,0,0,1,0,20260801,20280504
3_1375_2649_28_1130_128,0,0,0,0,0,0,1,20260801,20280504
3_1375_2690_28_1130_31,1,1,1,1,1,0,0,20260801,20280504
4_107_398_6_147_42,0,0,0,1,0,0,1,20260701,20260831
4_108_357_6_147_42,0,0,0,1,0,0,1,20260901,20260906
4_354_569_8_169_2,0,0,0,0,0,1,0,20170107,20301231
4_832_1653_11_114_135,1,0,0,0,1,0,0,20200701,20301231
4_860_1697_11_110_38,0,1,1,1,0,0,0,20200817,20301231
4_860_1705_11_110_135,1,0,0,0,1,0,0,20200817,20301231
4_864_1708_4_206_116,0,0,0,0,1,1,0,20200821,20301231
4_910_1805_11_109_2,0,0,0,0,0,1,0,20201209,20301231
4_910_2723_11_109_1,1,1,1,1,1,0,0,20201209,20301231
4_999_1511_8_90_1,1,1,1,1,1,0,0,20200518,20301231
4_1098_2036_4_226_8,1,1,1,1,1,1,1,20211213,20301231
4_1098_2037_4_227_8,1,1,1,1,1,1,1,20211213,20301231
4_1204_2088_6_97_1,1,1,1,1,1,0,0,20220201,20301231
4_1205_2089_6_98_1,1,1,1,1,1,0,0,20220201,20301231
4_1329_2215_4_12_8,1,1,1,1,1,1,1,20220912,20301231
4_1338_2230_4_11_1,1,1,1,1,1,0,0,20221017,20301231
4_1338_2231_4_11_6,0,0,0,0,0,1,1,20221017,20301231
4_1363_2297_4_253_8,1,1,1,1,1,1,1,20230410,20301231
4_1379_2161_4_15_9,1,1,1,1,1,1,0,20230507,20301231
4_1379_2314_4_15_3,0,0,0,0,0,0,1,20230507,20301231
4_1382_2320_19_214_1,1,1,1,1,1,0,0,20230613,20301231
4_1382_2322_19_215_1,1,1,1,1,1,0,0,20230613,20301231
4_1382_2323_19_216_1,1,1,1,1,1,0,0,20230613,20301231
4_1382_2324_19_217_1,1,1,1,1,1,0,0,20230613,20301231
4_1382_2325_19_219_1,1,1,1,1,1,0,0,20230613,20301231
4_1382_2327_19_242_1,1,1,1,1,1,0,0,20230613,20301231
4_1382_2328_19_219_2,0,0,0,0,0,1,0,20230613,20301231
4_1382_2329_19_214_2,0,0,0,0,0,1,0,20230613,20301231
4_1382_2330_19_214_3,0,0,0,0,0,0,1,20230613,20301231
4_1477_2474_8_276_1,1,1,1,1,1,0,0,20240124,20301231
4_1477_2475_8_276_2,0,0,0,0,0,1,0,20240124,20301231
4_1477_2476_8_276_3,0,0,0,0,0,0,1,20240124,20301231
4_1487_2490_11_281_8,1,1,1,1,1,1,1,20240323,20301231
4_1488_2494_11_282_8,1,1,1,1,1,1,1,20240323,20301231
4_1489_2496_11_283_8,1,1,1,1,1,1,1,20240323,20301231
4_1490_2498_11_284_1,1,1,1,1,1,0,0,20240323,20301231
4_1492_2503_4_248_1,1,1,1,1,1,0,0,20240323,20301231
4_1499_2520_4_239_8,1,1,1,1,1,1,1,20240501,20301231
4_1500_2521_4_13_1,1,1,1,1,1,0,0,20240503,20301231
4_1500_2522_4_13_2,0,0,0,0,0,1,0,20240503,20301231
4_1500_2523_4_13_3,0,0,0,0,0,0,1,20240503,20301231
4_1505_2531_8_279_1,1,1,1,1,1,0,0,20240501,20301231
4_1521_2544_11_178_1,1,1,1,1,1,0,0,20240701,20301231
4_1521_2754_11_178_3,0,0,0,0,0,0,1,20240701,20301231
4_1522_2548_11_285_1,1,1,1,1,1,0,0,20240701,20301231
4_1522_2549_11_285_6,0,0,0,0,0,1,1,20240701,20301231
4_1526_2557_4_254_1,1,1,1,1,1,0,0,20240701,20301231
4_1554_2383_20_230_6,0,0,0,0,0,1,1,20240916,20301231
4_1554_2589_20_230_1,1,1,1,1,1,0,0,20240916,20301231
4_1554_2590_20_231_1,1,1,1,1,1,0,0,20240916,20301231
4_1554_2592_20_234_1,1,1,1,1,1,0,0,20240916,20301231
4_1564_2337_4_201_1,1,1,1,1,1,0,0,20240913,20301231
4_1564_2338_4_201_6,0,0,0,0,0,1,1,20240913,20301231
4_1565_2360_4_208_1,1,1,1,1,1,0,0,20240913,20301231
4_1576_2611_11_286_1,1,1,1,1,1,0,0,20241113,20301231
4_1583_2621_4_16_8,1,1,1,1,1,1,1,20250107,20301231
4_1612_2698_4_302_1,1,1,1,1,1,0,0,20250113,20301231
4_1613_2697_4_301_1,1,1,1,1,1,0,0,20250113,20301231
4_1616_2704_4_238_8,1,1,1,1,1,1,1,20250212,20301231
4_1617_2705_5_96_1,1,1,1,1,1,0,0,20250303,20301231
4_1617_2706_5_96_2,0,0,0,0,0,1,0,20250303,20301231
4_1617_2707_5_96_3,0,0,0,0,0,0,1,20250303,20301231
4_1620_2710_4_3_1,1,1,1,1,1,0,0,20250301,20301231
4_1620_2711_4_9_1,1,1,1,1,1,0,0,20250301,20301231
4_1620_2712_4_14_1,1,1,1,1,1,0,0,20250301,20301231
4_1620_2713_4_14_6,0,0,0,0,0,1,1,20250301,20301231
4_1620_2714_4_3_6,0,0,0,0,0,1,1,20250301,20301231
4_1620_2715_4_9_6,0,0,0,0,0,1,1,20250301,20301231
4_1623_2294_14_191_90,0,1,1,1,1,1,1,20260401,20261031
4_1624_2409_14_191_90,0,1,1,1,1,1,1,20261101,20270331
4_1626_2725_5_308_1,1,1,1,1,1,0,0,20250401,20301231
4_1627_2195_4_4_1,1,1,1,1,1,0,0,20250405,20301231
4_1627_2726_4_4_6,0,0,0,0,0,1,1,20250405,20301231
4_1649_2755_4_296_135,1,0,0,0,1,0,0,20250421,20301231
4_1649_2756_4_296_38,0,1,1,1,0,0,0,20250421,20301231
4_1661_2542_11_177_2,0,0,0,0,0,1,0,20250520,20301231
4_1661_2543_11_177_3,0,0,0,0,0,0,1,20250520,20301231
4_1661_2770_11_177_1,1,1,1,1,1,0,0,20250520,20301231
4_1671_2779_23_291_1,1,1,1,1,1,0,0,20250802,20301231
4_1686_2803_8_89_3,0,0,0,0,0,0,1,20250801,20301231
4_1686_2804_8_89_9,1,1,1,1,1,1,0,20250801,20301231
4_1709_612_18_186_3,0,0,0,0,0,0,1,20250824,20301231
4_1709_723_18_185_3,0,0,0,0,0,0,1,20250824,20301231
4_1709_1052_18_185_54,1,1,1,1,0,0,0,20250824,20301231
4_1709_1055_18_186_54,1,1,1,1,0,0,0,20250824,20301231
4_1709_1057_18_185_122,0,0,0,0,1,0,0,20250824,20301231
4_1709_1058_18_186_122,0,0,0,0,1,0,0,20250824,20301231
4_1709_1059_18_185_2,0,0,0,0,0,1,0,20250824,20301231
4_1709_1061_18_186_2,0,0,0,0,0,1,0,20250824,20301231
4_1711_163_15_160_1,1,1,1,1,1,0,0,20250824,20301231
4_1711_1222_15_160_6,0,0,0,0,0,1,1,20250824,20301231
4_1711_1223_15_161_6,0,0,0,0,0,1,1,20250824,20301231
4_1711_1312_15_161_1,1,1,1,1,1,0,0,20250824,20301231
4_1716_2827_6_100_9,1,1,1,1,1,1,0,20250916,20301231
4_1716_2952_6_100_4,0,0,0,0,0,0,1,20250916,20301231
4_1728_2843_4_18_1,1,1,1,1,1,0,0,20251001,20301231
4_1728_2844_4_18_2,0,0,0,0,0,1,0,20251001,20301231
4_1728_2845_4_18_3,0,0,0,0,0,0,1,20251001,20301231
4_1731_2847_11_307_1,1,1,1,1,1,0,0,20251014,20301231
4_1731_2852_11_307_2,0,0,0,0,0,1,0,20251014,20301231
4_1733_2853_4_164_1,1,1,1,1,1,0,0,20251028,20301231
4_1735_2856_14_121_1,1,1,1,1,1,0,0,20251027,20301231
4_1735_2857_14_121_2,0,0,0,0,0,1,0,20251027,20301231
4_1736_2858_14_130_1,1,1,1,1,1,0,0,20251027,20301231
4_1736_2859_14_130_2,0,0,0,0,0,1,0,20251027,20301231
4_1737_2860_14_122_1,1,1,1,1,1,0,0,20251027,20301231
4_1747_2872_4_20_1,1,1,1,1,1,0,0,20251209,20301231
4_1769_766_6_99_2,0,0,0,0,0,1,0,20260107,20301231
4_1769_1674_6_99_3,0,0,0,0,0,0,1,20260107,20301231
4_1769_2946_6_99_1,1,1,1,1,1,0,0,20260107,20301231
4_1770_2839_4_17_2,0,0,0,0,0,1,0,20260126,20301231
4_1770_2840_4_17_3,0,0,0,0,0,0,1,20260126,20301231
4_1770_2947_4_17_1,1,1,1,1,1,0,0,20260126,20301231
4_1772_2950_4_163_1,1,1,1,1,1,0,0,20260126,20301231
4_1772_2951_4_163_6,0,0,0,0,0,1,1,20260126,20301231
4_1773_2850_11_176_6,0,0,0,0,0,1,1,20260301,20301231
4_1773_2953_11_176_1,1,1,1,1,1,0,0,20260301,20301231
4_1790_2972_11_321_1,1,1,1,1,1,0,0,20260430,20301231
4_1790_2978_11_321_2,0,0,0,0,0,1,0,20260430,20301231
4_1790_2979_11_321_3,0,0,0,0,0,0,1,20260430,20301231
4_1791_2980_11_322_1,1,1,1,1,1,0,0,20260430,20301231
4_1791_2981_11_322_2,0,0,0,0,0,1,0,20260430,20301231
4_1791_2983_11_322_3,0,0,0,0,0,0,1,20260430,20301231
4_1792_2984_11_318_1,1,1,1,1,1,0,0,20260430,20301231
4_1792_2985_11_318_6,0,0,0,0,0,1,1,20260430,20301231
4_1793_2986_11_324_8,1,1,1,1,1,1,1,20260430,20301231
4_1795_2988_11_325_1,1,1,1,1,1,0,0,20260430,20301231
4_1795_2989_11_325_6,0,0,0,0,0,1,1,20260430,20301231
4_1796_2990_11_326_1,1,1,1,1,1,0,0,20260430,20301231
4_1796_2991_11_326_2,0,0,0,0,0,1,0,20260430,20301231
4_1796_2992_11_326_3,0,0,0,0,0,0,1,20260430,20301231
4_1797_2993_11_327_1,1,1,1,1,1,0,0,20260430,20301231
4_1797_2994_11_327_2,0,0,0,0,0,1,0,20260430,20301231
4_1797_2995_11_327_3,0,0,0,0,0,0,1,20260430,20301231
4_1798_2996_11_328_1,1,1,1,1,1,0,0,20260430,20301231
4_1798_2997_11_328_6,0,0,0,0,0,1,1,20260430,20301231
4_1799_2998_11_329_1,1,1,1,1,1,0,0,20260430,20301231
4_1802_2999_4_140_1,1,1,1,1,1,0,0,20260508,20301231
4_1802_3000_4_140_6,0,0,0,0,0,1,1,20260508,20301231
4_1804_2976_20_315_1,1,1,1,1,1,0,0,20260612,20301231
4_1804_2977_20_315_2,0,0,0,0,0,1,0,20260612,20301231
4_1805_2780_4_8_8,1,1,1,1,1,1,1,20260601,20260930
4_1806_2606_4_8_8,1,1,1,1,1,1,1,20261001,20301231
4_1808_2854_14_123_1,1,1,1,1,1,0,0,20260612,20301231
4_1808_2855_14_123_2,0,0,0,0,0,1,0,20260612,20301231
4_1809_3005_4_313_9,1,1,1,1,1,1,0,20260622,20301231
4_1810_2783_4_21_9,1,1,1,1,1,1,0,20260622,20301231
4_1810_2784_4_21_3,0,0,0,0,0,0,1,20260622,20301231
4_1811_2162_4_22_9,1,1,1,1,1,1,0,20260622,20301231
4_1811_2343_4_22_3,0,0,0,0,0,0,1,20260622,20301231
4_1812_3006_4_1_9,1,1,1,1,1,1,0,20260622,20301231
4_1812_3007_4_1_3,0,0,0,0,0,0,1,20260622,20301231
4_1813_3008_5_288_1,1,1,1,1,1,0,0,20260713,20301231
4_1814_2831_4_19_3,0,0,0,0,0,0,1,20260626,20301231
4_1814_2833_4_19_2,0,0,0,0,0,1,0,20260626,20301231
4_1814_3009_4_19_1,1,1,1,1,1,0,0,20260626,20301231
4_1815_2798_5_300_1,1,1,1,1,1,0,0,20260801,20260831
4_1816_2708_5_300_1,1,1,1,1,1,0,0,20260901,20301231
4_1818_351_8_91_9,1,1,1,1,1,1,0,20260622,20260908
4_1818_352_8_91_3,0,0,0,0,0,0,1,20260622,20260908
4_1819_2777_20_233_125,0,0,1,1,0,0,0,20260624,20260903
4_1820_2776_5_146_35,0,1,0,1,0,0,0,20260623,20260908
4_1821_2772_11_149_76,0,0,1,0,1,0,0,20260624,20260904
4_1822_338_11_148_9,1,1,1,1,1,1,0,20260701,20260831
4_1822_339_11_148_3,0,0,0,0,0,0,1,20260701,20260831
4_1823_2773_4_243_9,1,1,1,1,1,1,0,20260623,20260906
4_1823_2774_4_243_3,0,0,0,0,0,0,1,20260623,20260906
4_1824_2775_4_293_35,0,1,0,1,0,0,0,20260623,20260903
4_1826_2949_4_23_6,0,0,0,0,0,1,1,20260703,20260930
4_1826_3018_4_23_1,1,1,1,1,1,0,0,20260703,20260930
4_1827_3019_4_274_1,1,1,1,1,1,0,0,20260703,20260930
4_1827_3020_4_274_6,0,0,0,0,0,1,1,20260703,20260930
4_1828_2846_4_274_1,1,1,1,1,1,0,0,20261001,20301231
4_1828_2933_4_274_6,0,0,0,0,0,1,1,20261001,20301231
4_1829_2948_4_23_1,1,1,1,1,1,0,0,20261001,20301231
4_1829_2949_4_23_6,0,0,0,0,0,1,1,20261001,20301231
4_1830_3021_5_330_44,0,0,0,0,0,1,0,20260702,20260829
4_1831_3022_4_10_9,1,1,1,1,1,1,0,20260706,20260831
4_1831_3023_4_10_3,0,0,0,0,0,0,1,20260706,20260831
4_1832_2716_4_10_9,1,1,1,1,1,1,0,20260901,20301231
4_1832_2717_4_10_3,0,0,0,0,0,0,1,20260901,20301231
4_1834_3010_4_297_54,1,1,1,1,0,0,0,20260720,20301231
4_1834_3011_4_297_116,0,0,0,0,1,1,0,20260720,20301231
4_1834_3012_4_297_3,0,0,0,0,0,0,1,20260720,20301231
4_1835_3024_24_323_1,1,1,1,1,1,0,0,20260715,20301231
4_1835_3025_24_323_2,0,0,0,0,0,1,0,20260715,20301231
4_1836_3028_24_331_1,1,1,1,1,1,0,0,20260715,20301231
4_1837_3029_6_332_51,0,0,0,0,0,1,0,20260711,20260829
4_1838_3030_20_333_24,0,0,1,0,0,0,0,20260722,20260902
4_1839_3031_11_334_1,1,1,1,1,1,0,0,20260730,20301231
5_87_142_4_11_1,1,1,1,1,1,0,0,20210601,20271231
5_87_144_4_11_5,0,0,0,0,0,1,0,20210601,20271231
5_87_148_4_11_4,0,0,0,0,0,0,1,20210601,20271231
5_87_162_4_12_7,1,1,1,1,1,1,1,20210601,20271231
5_89_71_5_6_1,1,1,1,1,1,0,0,20211213,20280315
5_89_73_5_6_5,0,0,0,0,0,1,0,20211213,20280315
5_89_74_5_6_4,0,0,0,0,0,0,1,20211213,20280315
5_90_29_6_1_1,1,1,1,1,1,0,0,20211213,20280815
5_90_30_6_1_5,0,0,0,0,0,1,0,20211213,20280815
5_90_31_6_1_4,0,0,0,0,0,0,1,20211213,20280815
5_90_36_6_2_1,1,1,1,1,1,0,0,20211213,20280815
5_100_16_7_8_1,1,1,1,1,1,0,0,20260622,20260906
5_100_17_7_9_7,1,1,1,1,1,1,1,20260622,20260906
5_100_28_7_14_1,1,1,1,1,1,0,0,20260622,20260906
5_100_39_7_5_1,1,1,1,1,1,0,0,20260622,20260906
5_100_68_7_27_7,1,1,1,1,1,1,1,20260622,20260906
5_100_167_7_28_1,1,1,1,1,1,0,0,20260622,20260906
5_100_172_7_10_1,1,1,1,1,1,0,0,20260622,20260906
5_100_173_7_4_1,1,1,1,1,1,0,0,20260622,20260906
5_100_174_7_4_5,0,0,0,0,0,1,0,20260622,20260906
5_100_175_7_4_4,0,0,0,0,0,0,1,20260622,20260906
5_100_181_7_7_1,1,1,1,1,1,0,0,20260622,20260906
5_100_182_7_7_5,0,0,0,0,0,1,0,20260622,20260906
5_100_183_7_7_4,0,0,0,0,0,0,1,20260622,20260906
5_101_49_7_19_14,0,0,0,0,0,1,1,20260627,20260830
6_1_6_10_9_1,1,1,1,1,1,0,0,20200914,20261231
6_1_7_10_9_2,0,0,0,0,0,1,0,20200914,20261231
6_2_8_10_10_3,0,0,0,0,0,0,1,20260629,20260906
6_2_9_10_10_2,0,0,0,0,0,1,0,20260629,20260906
6_2_11_10_10_1,1,1,1,1,1,0,0,20260629,20260906
6_2_243_10_10_12,0,0,0,0,1,0,0,20260629,20260906
6_6_26_5_12_1,1,1,1,1,1,0,0,20200701,20261231
6_6_196_5_12_9,0,0,0,0,0,1,1,20200701,20261231
6_12_35_5_18_10,1,0,1,0,1,0,0,20260629,20260913
6_12_139_5_18_16,0,1,0,1,0,0,0,20260629,20260913
6_12_166_5_18_1,1,1,1,1,1,0,0,20260629,20260913
6_20_61_3_1_1,1,1,1,1,1,0,0,20170101,20261231
6_20_65_3_1_7,1,1,1,1,1,1,1,20170101,20261231
6_20_66_3_1_9,0,0,0,0,0,1,1,20170101,20261231
6_21_63_3_3_1,1,1,1,1,1,0,0,20170101,20261231
6_21_154_3_77_11,0,0,0,0,0,0,1,20170101,20261231
6_22_67_5_13_1,1,1,1,1,1,0,0,20200701,20261231
6_22_68_5_13_2,0,0,0,0,0,1,0,20200701,20261231
6_28_89_5_47_1,1,1,1,1,1,0,0,20200701,20261231
6_31_103_5_39_1,1,1,1,1,1,0,0,20170101,20261231
6_32_104_5_48_1,1,1,1,1,1,0,0,20170101,20261231
6_37_125_5_49_1,1,1,1,1,1,0,0,20200720,20261231
6_37_126_5_49_2,0,0,0,0,0,1,0,20200720,20261231
6_37_127_5_49_11,0,0,0,0,0,0,1,20200720,20261231
6_38_128_5_19_1,1,1,1,1,1,0,0,20200701,20261231
6_38_129_5_19_2,0,0,0,0,0,1,0,20200701,20261231
6_38_130_5_19_3,0,0,0,0,0,0,1,20200701,20261231
6_40_212_5_18_1,1,1,1,1,1,0,0,20260914,20270627
6_40_213_5_18_16,0,1,0,1,0,0,0,20260914,20270627
6_40_246_5_18_10,1,0,1,0,1,0,0,20260914,20270627
6_44_184_4_6_1,1,1,1,1,1,0,0,20200701,20261231
6_44_185_4_6_2,0,0,0,0,0,1,0,20200701,20261231
6_45_17_4_7_6,1,0,0,0,0,0,0,20260711,20260906
6_45_120_4_7_11,0,0,0,0,0,0,1,20260711,20260906
6_45_156_4_7_2,0,0,0,0,0,1,0,20260711,20260906
6_45_157_4_7_1,1,1,1,1,1,0,0,20260711,20260906
6_48_188_5_4_1,1,1,1,1,1,0,0,20200701,20261231
6_48_240_5_4_2,0,0,0,0,0,1,0,20200701,20261231
6_48_241_5_4_11,0,0,0,0,0,0,1,20200701,20261231
6_49_189_5_5_1,1,1,1,1,1,0,0,20200701,20261231
6_49_190_5_5_2,0,0,0,0,0,1,0,20200701,20261231
6_49_191_5_5_3,0,0,0,0,0,0,1,20200701,20261231
6_50_192_5_11_1,1,1,1,1,1,0,0,20200701,20261231
6_50_193_5_11_3,0,0,0,0,0,0,1,20200701,20261231
6_50_194_5_11_2,0,0,0,0,0,1,0,20200701,20261231
6_50_202_5_11_12,0,0,0,0,1,0,0,20200701,20261231
6_51_198_5_15_1,1,1,1,1,1,0,0,20200701,20261231
6_51_200_5_15_2,0,0,0,0,0,1,0,20200701,20261231
6_51_201_5_15_3,0,0,0,0,0,0,1,20200701,20261231
6_52_140_4_7_1,1,1,1,1,1,0,0,20260907,20270704
6_52_141_4_7_3,0,0,0,0,0,0,1,20260907,20270704
6_52_142_4_7_2,0,0,0,0,0,1,0,20260907,20270704
6_52_214_4_7_6,1,0,0,0,0,0,0,20260907,20270704
6_53_207_5_17_1,1,1,1,1,1,0,0,20210520,20261231
6_53_208_5_17_2,0,0,0,0,0,1,0,20210520,20261231
6_53_209_5_17_3,0,0,0,0,0,0,1,20210520,20261231
6_54_215_5_21_1,1,1,1,1,1,0,0,20200701,20261231
6_54_242_5_21_2,0,0,0,0,0,1,0,20200701,20261231
6_55_216_5_22_1,1,1,1,1,1,0,0,20200701,20261231
6_56_217_5_32_1,1,1,1,1,1,0,0,20200701,20261231
6_56_218_5_32_2,0,0,0,0,0,1,0,20200701,20261231
6_56_219_5_32_3,0,0,0,0,0,0,1,20200701,20261231
6_57_220_3_26_2,0,0,0,0,0,1,0,20200701,20261231
6_57_244_3_26_1,1,1,1,1,1,0,0,20200701,20261231
6_58_149_3_29_1,1,1,1,1,1,0,0,20200701,20261231
6_59_221_5_37_1,1,1,1,1,1,0,0,20200701,20261231
6_60_131_5_38_1,1,1,1,1,1,0,0,20200701,20261231
6_60_231_5_38_9,0,0,0,0,0,1,1,20200701,20261231
6_61_222_5_40_1,1,1,1,1,1,0,0,20200701,20261231
6_61_223_5_40_2,0,0,0,0,0,1,0,20200701,20261231
6_61_224_5_40_3,0,0,0,0,0,0,1,20200701,20261231
6_62_225_5_41_7,1,1,1,1,1,1,1,20200701,20261231
6_62_245_5_41_1,1,1,1,1,1,0,0,20200701,20261231
6_63_160_10_10_12,0,0,0,0,1,0,0,20260907,20270627
6_63_162_10_10_10,1,0,1,0,1,0,0,20260907,20270627
6_63_227_10_10_1,1,1,1,1,1,0,0,20260907,20270627
6_63_228_10_10_2,0,0,0,0,0,1,0,20260907,20270627
6_63_229_10_10_3,0,0,0,0,0,0,1,20260907,20270627
6_67_178_3_97_1,1,1,1,1,1,0,0,20220714,20261231
6_67_251_3_97_2,0,0,0,0,0,1,0,20220714,20261231
6_68_247_4_64_7,1,1,1,1,1,1,1,20260711,20260906
7_214_367_9_32_1,1,1,1,1,1,0,0,20220118,20260831
7_214_367_9_34_1,1,1,1,1,1,0,0,20220118,20260831
7_214_367_9_35_1,1,1,1,1,1,0,0,20220118,20260831
7_214_368_9_32_3,0,0,0,0,0,1,0,20220118,20260831
7_214_368_9_35_3,0,0,0,0,0,1,0,20220118,20260831
7_214_369_9_32_8,0,0,0,0,0,0,1,20220118,20260831
7_214_369_9_35_8,0,0,0,0,0,0,1,20220118,20260831
7_283_490_5_72_8,0,0,0,0,0,0,1,20260701,20260831
7_283_490_5_278_8,0,0,0,0,0,0,1,20260701,20260831
7_283_490_5_279_8,0,0,0,0,0,0,1,20260701,20260831
7_283_490_5_281_8,0,0,0,0,0,0,1,20260701,20260831
7_283_490_5_283_8,0,0,0,0,0,0,1,20260701,20260831
7_283_490_5_289_8,0,0,0,0,0,0,1,20260701,20260831
7_283_490_5_322_8,0,0,0,0,0,0,1,20260701,20260831
7_283_532_5_71_1,1,1,1,1,1,0,0,20260701,20260831
7_283_532_5_72_1,1,1,1,1,1,0,0,20260701,20260831
7_283_532_5_73_1,1,1,1,1,1,0,0,20260701,20260831
7_283_532_5_278_1,1,1,1,1,1,0,0,20260701,20260831
7_283_532_5_279_1,1,1,1,1,1,0,0,20260701,20260831
7_283_532_5_281_1,1,1,1,1,1,0,0,20260701,20260831
7_283_532_5_283_1,1,1,1,1,1,0,0,20260701,20260831
7_283_532_5_285_1,1,1,1,1,1,0,0,20260701,20260831
7_283_532_5_286_1,1,1,1,1,1,0,0,20260701,20260831
7_283_532_5_287_1,1,1,1,1,1,0,0,20260701,20260831
7_283_532_5_288_1,1,1,1,1,1,0,0,20260701,20260831
7_283_532_5_322_1,1,1,1,1,1,0,0,20260701,20260831
7_283_532_5_324_1,1,1,1,1,1,0,0,20260701,20260831
7_283_532_5_326_1,1,1,1,1,1,0,0,20260701,20260831
7_283_532_5_327_1,1,1,1,1,1,0,0,20260701,20260831
7_283_533_5_72_3,0,0,0,0,0,1,0,20260701,20260831
7_283_533_5_278_3,0,0,0,0,0,1,0,20260701,20260831
7_283_533_5_279_3,0,0,0,0,0,1,0,20260701,20260831
7_283_533_5_280_3,0,0,0,0,0,1,0,20260701,20260831
7_283_533_5_281_3,0,0,0,0,0,1,0,20260701,20260831
7_283_533_5_283_3,0,0,0,0,0,1,0,20260701,20260831
7_283_533_5_287_3,0,0,0,0,0,1,0,20260701,20260831
7_283_533_5_322_3,0,0,0,0,0,1,0,20260701,20260831
7_283_533_5_326_3,0,0,0,0,0,1,0,20260701,20260831
7_283_533_5_327_3,0,0,0,0,0,1,0,20260701,20260831
7_287_515_4_325_1,1,1,1,1,1,0,0,20260701,20260831
7_287_516_4_325_3,0,0,0,0,0,1,0,20260701,20260831
7_289_519_10_328_8,0,0,0,0,0,0,1,20260629,20260831
7_289_520_10_294_1,1,1,1,1,1,0,0,20260629,20260831
7_289_520_10_328_1,1,1,1,1,1,0,0,20260629,20260831
7_289_520_10_329_1,1,1,1,1,1,0,0,20260629,20260831
7_289_521_10_328_3,0,0,0,0,0,1,0,20260629,20260831
7_289_521_10_329_3,0,0,0,0,0,1,0,20260629,20260831
7_290_498_17_203_3,0,0,0,0,0,1,0,20260701,20260831
7_290_499_17_203_8,0,0,0,0,0,0,1,20260701,20260831
7_290_523_17_203_1,1,1,1,1,1,0,0,20260701,20260831
7_291_524_3_62_8,0,0,0,0,0,0,1,20260701,20260831
7_291_524_3_276_8,0,0,0,0,0,0,1,20260701,20260831
7_291_525_3_62_3,0,0,0,0,0,1,0,20260701,20260831
7_291_525_3_255_3,0,0,0,0,0,1,0,20260701,20260831
7_291_525_3_276_3,0,0,0,0,0,1,0,20260701,20260831
7_291_526_3_62_1,1,1,1,1,1,0,0,20260701,20260831
7_291_526_3_254_1,1,1,1,1,1,0,0,20260701,20260831
7_291_526_3_255_1,1,1,1,1,1,0,0,20260701,20260831
7_291_526_3_276_1,1,1,1,1,1,0,0,20260701,20260831
7_292_530_6_17_1,1,1,1,1,1,0,0,20260701,20260831
7_292_530_6_18_1,1,1,1,1,1,0,0,20260701,20260831
7_292_530_6_19_1,1,1,1,1,1,0,0,20260701,20260831
7_292_530_6_20_1,1,1,1,1,1,0,0,20260701,20260831
7_292_530_6_22_1,1,1,1,1,1,0,0,20260701,20260831
7_292_531_6_17_3,0,0,0,0,0,1,0,20260701,20260831
7_292_531_6_18_3,0,0,0,0,0,1,0,20260701,20260831
7_292_531_6_22_3,0,0,0,0,0,1,0,20260701,20260831
8_565_443_6_15_1,1,1,1,1,1,0,0,20251220,20270630
8_579_796_9_8_1,1,1,1,1,1,0,0,20260624,20260831
8_579_796_9_9_1,1,1,1,1,1,0,0,20260624,20260831
8_579_796_9_10_1,1,1,1,1,1,0,0,20260624,20260831
8_579_796_9_12_1,1,1,1,1,1,0,0,20260624,20260831
8_579_796_9_18_1,1,1,1,1,1,0,0,20260624,20260831
8_579_796_9_62_1,1,1,1,1,1,0,0,20260624,20260831
8_579_798_9_8_4,0,0,0,0,0,1,0,20260624,20260831
8_579_798_9_9_4,0,0,0,0,0,1,0,20260624,20260831
8_579_798_9_12_4,0,0,0,0,0,1,0,20260624,20260831
8_579_798_9_18_4,0,0,0,0,0,1,0,20260624,20260831
8_579_798_9_62_4,0,0,0,0,0,1,0,20260624,20260831
8_579_801_9_9_5,0,0,0,0,0,0,1,20260624,20260831
8_579_801_9_12_5,0,0,0,0,0,0,1,20260624,20260831
8_579_801_9_18_5,0,0,0,0,0,0,1,20260624,20260831
8_579_801_9_62_5,0,0,0,0,0,0,1,20260624,20260831
8_580_797_9_8_1,1,1,1,1,1,0,0,20260901,20260913
8_580_797_9_9_1,1,1,1,1,1,0,0,20260901,20260913
8_580_797_9_10_1,1,1,1,1,1,0,0,20260901,20260913
8_580_797_9_12_1,1,1,1,1,1,0,0,20260901,20260913
8_580_797_9_18_1,1,1,1,1,1,0,0,20260901,20260913
8_580_799_9_8_4,0,0,0,0,0,1,0,20260901,20260913
8_580_799_9_9_4,0,0,0,0,0,1,0,20260901,20260913
8_580_799_9_10_4,0,0,0,0,0,1,0,20260901,20260913
8_580_799_9_12_4,0,0,0,0,0,1,0,20260901,20260913
8_580_799_9_18_4,0,0,0,0,0,1,0,20260901,20260913
8_580_803_9_9_5,0,0,0,0,0,0,1,20260901,20260913
8_580_803_9_12_5,0,0,0,0,0,0,1,20260901,20260913
8_580_803_9_18_5,0,0,0,0,0,0,1,20260901,20260913
8_581_804_10_13_1,1,1,1,1,1,0,0,20260629,20260906
8_581_804_10_16_1,1,1,1,1,1,0,0,20260629,20260906
8_581_804_10_17_1,1,1,1,1,1,0,0,20260629,20260906
8_581_806_10_13_4,0,0,0,0,0,1,0,20260629,20260906
8_581_806_10_16_4,0,0,0,0,0,1,0,20260629,20260906
8_581_806_10_17_4,0,0,0,0,0,1,0,20260629,20260906
8_581_807_10_13_5,0,0,0,0,0,0,1,20260629,20260906
8_581_807_10_16_5,0,0,0,0,0,0,1,20260629,20260906
8_581_807_10_17_5,0,0,0,0,0,0,1,20260629,20260906
8_582_808_12_11_5,0,0,0,0,0,0,1,20260629,20260906
8_582_809_12_11_4,0,0,0,0,0,1,0,20260629,20260906
8_582_810_12_11_1,1,1,1,1,1,0,0,20260629,20260906
8_583_828_18_124_1,1,1,1,1,1,0,0,20260608,20300630
8_583_829_18_124_4,0,0,0,0,0,1,0,20260608,20300630
9_101_256_6_6_3,0,0,0,0,0,1,0,20260701,20260831
9_101_256_6_13_3,0,0,0,0,0,1,0,20260701,20260831
9_101_256_6_15_3,0,0,0,0,0,1,0,20260701,20260831
9_101_256_6_16_3,0,0,0,0,0,1,0,20260701,20260831
9_101_256_6_23_3,0,0,0,0,0,1,0,20260701,20260831
9_101_256_6_25_3,0,0,0,0,0,1,0,20260701,20260831
9_101_256_6_29_3,0,0,0,0,0,1,0,20260701,20260831
9_101_256_6_33_3,0,0,0,0,0,1,0,20260701,20260831
9_101_256_6_34_3,0,0,0,0,0,1,0,20260701,20260831
9_101_256_6_35_3,0,0,0,0,0,1,0,20260701,20260831
9_101_256_6_38_3,0,0,0,0,0,1,0,20260701,20260831
9_101_256_6_44_3,0,0,0,0,0,1,0,20260701,20260831
9_101_256_6_45_3,0,0,0,0,0,1,0,20260701,20260831
9_101_256_6_46_3,0,0,0,0,0,1,0,20260701,20260831
9_101_256_6_50_3,0,0,0,0,0,1,0,20260701,20260831
9_101_256_6_52_3,0,0,0,0,0,1,0,20260701,20260831
9_101_256_6_53_3,0,0,0,0,0,1,0,20260701,20260831
9_101_256_6_55_3,0,0,0,0,0,1,0,20260701,20260831
9_101_256_6_56_3,0,0,0,0,0,1,0,20260701,20260831
9_101_256_6_57_3,0,0,0,0,0,1,0,20260701,20260831
9_101_256_6_58_3,0,0,0,0,0,1,0,20260701,20260831
9_101_256_6_59_3,0,0,0,0,0,1,0,20260701,20260831
9_101_256_6_60_3,0,0,0,0,0,1,0,20260701,20260831
9_101_256_6_64_3,0,0,0,0,0,1,0,20260701,20260831
9_101_256_6_66_3,0,0,0,0,0,1,0,20260701,20260831
9_101_256_6_69_3,0,0,0,0,0,1,0,20260701,20260831
9_101_256_6_74_3,0,0,0,0,0,1,0,20260701,20260831
9_101_256_6_75_3,0,0,0,0,0,1,0,20260701,20260831
9_101_256_6_76_3,0,0,0,0,0,1,0,20260701,20260831
9_101_256_6_81_3,0,0,0,0,0,1,0,20260701,20260831
9_101_260_6_6_2,1,1,1,1,1,0,0,20260701,20260831
9_101_260_6_8_2,1,1,1,1,1,0,0,20260701,20260831
9_101_260_6_13_2,1,1,1,1,1,0,0,20260701,20260831
9_101_260_6_15_2,1,1,1,1,1,0,0,20260701,20260831
9_101_260_6_16_2,1,1,1,1,1,0,0,20260701,20260831
9_101_260_6_20_2,1,1,1,1,1,0,0,20260701,20260831
9_101_260_6_21_2,1,1,1,1,1,0,0,20260701,20260831
9_101_260_6_22_2,1,1,1,1,1,0,0,20260701,20260831
9_101_260_6_23_2,1,1,1,1,1,0,0,20260701,20260831
9_101_260_6_24_2,1,1,1,1,1,0,0,20260701,20260831
9_101_260_6_25_2,1,1,1,1,1,0,0,20260701,20260831
9_101_260_6_26_2,1,1,1,1,1,0,0,20260701,20260831
9_101_260_6_27_2,1,1,1,1,1,0,0,20260701,20260831
9_101_260_6_29_2,1,1,1,1,1,0,0,20260701,20260831
9_101_260_6_30_2,1,1,1,1,1,0,0,20260701,20260831
9_101_260_6_32_2,1,1,1,1,1,0,0,20260701,20260831
9_101_260_6_33_2,1,1,1,1,1,0,0,20260701,20260831
9_101_260_6_34_2,1,1,1,1,1,0,0,20260701,20260831
9_101_260_6_35_2,1,1,1,1,1,0,0,20260701,20260831
9_101_260_6_36_2,1,1,1,1,1,0,0,20260701,20260831
9_101_260_6_37_2,1,1,1,1,1,0,0,20260701,20260831
9_101_260_6_38_2,1,1,1,1,1,0,0,20260701,20260831
9_101_260_6_45_2,1,1,1,1,1,0,0,20260701,20260831
9_101_260_6_46_2,1,1,1,1,1,0,0,20260701,20260831
9_101_260_6_47_2,1,1,1,1,1,0,0,20260701,20260831
9_101_260_6_48_2,1,1,1,1,1,0,0,20260701,20260831
9_101_260_6_50_2,1,1,1,1,1,0,0,20260701,20260831
9_101_260_6_52_2,1,1,1,1,1,0,0,20260701,20260831
9_101_260_6_53_2,1,1,1,1,1,0,0,20260701,20260831
9_101_260_6_54_2,1,1,1,1,1,0,0,20260701,20260831
9_101_260_6_56_2,1,1,1,1,1,0,0,20260701,20260831
9_101_260_6_57_2,1,1,1,1,1,0,0,20260701,20260831
9_101_260_6_58_2,1,1,1,1,1,0,0,20260701,20260831
9_101_260_6_59_2,1,1,1,1,1,0,0,20260701,20260831
9_101_260_6_60_2,1,1,1,1,1,0,0,20260701,20260831
9_101_260_6_64_2,1,1,1,1,1,0,0,20260701,20260831
9_101_260_6_66_2,1,1,1,1,1,0,0,20260701,20260831
9_101_260_6_69_2,1,1,1,1,1,0,0,20260701,20260831
9_101_260_6_70_2,1,1,1,1,1,0,0,20260701,20260831
9_101_260_6_74_2,1,1,1,1,1,0,0,20260701,20260831
9_101_260_6_75_2,1,1,1,1,1,0,0,20260701,20260831
9_101_260_6_76_2,1,1,1,1,1,0,0,20260701,20260831
9_101_260_6_81_2,1,1,1,1,1,0,0,20260701,20260831
9_101_261_6_5_4,0,0,0,0,0,0,1,20260701,20260831
9_101_261_6_6_4,0,0,0,0,0,0,1,20260701,20260831
9_101_261_6_13_4,0,0,0,0,0,0,1,20260701,20260831
9_101_261_6_15_4,0,0,0,0,0,0,1,20260701,20260831
9_101_261_6_24_4,0,0,0,0,0,0,1,20260701,20260831
9_101_261_6_25_4,0,0,0,0,0,0,1,20260701,20260831
9_101_261_6_33_4,0,0,0,0,0,0,1,20260701,20260831
9_101_261_6_34_4,0,0,0,0,0,0,1,20260701,20260831
9_101_261_6_35_4,0,0,0,0,0,0,1,20260701,20260831
9_101_261_6_38_4,0,0,0,0,0,0,1,20260701,20260831
9_101_261_6_44_4,0,0,0,0,0,0,1,20260701,20260831
9_101_261_6_45_4,0,0,0,0,0,0,1,20260701,20260831
9_101_261_6_46_4,0,0,0,0,0,0,1,20260701,20260831
9_101_261_6_50_4,0,0,0,0,0,0,1,20260701,20260831
9_101_261_6_52_4,0,0,0,0,0,0,1,20260701,20260831
9_101_261_6_53_4,0,0,0,0,0,0,1,20260701,20260831
9_101_261_6_56_4,0,0,0,0,0,0,1,20260701,20260831
9_101_261_6_57_4,0,0,0,0,0,0,1,20260701,20260831
9_101_261_6_58_4,0,0,0,0,0,0,1,20260701,20260831
9_101_261_6_59_4,0,0,0,0,0,0,1,20260701,20260831
9_101_261_6_60_4,0,0,0,0,0,0,1,20260701,20260831
9_101_261_6_64_4,0,0,0,0,0,0,1,20260701,20260831
9_101_261_6_66_4,0,0,0,0,0,0,1,20260701,20260831
9_101_261_6_69_4,0,0,0,0,0,0,1,20260701,20260831
9_101_261_6_74_4,0,0,0,0,0,0,1,20260701,20260831
9_101_261_6_75_4,0,0,0,0,0,0,1,20260701,20260831
9_101_261_6_76_4,0,0,0,0,0,0,1,20260701,20260831
9_101_261_6_81_4,0,0,0,0,0,0,1,20260701,20260831
